426000900.0
426186900.0
426550300.0
427255600.0
428528200.0
429727200.0
430879500.0
431992100.0
433069200.0
434121200.0
435153400.0
436169400.0
436707000.0
437240900.0
438230200.0
439209100.0
440178100.0
440691900.0
441203100.0
442153000.0
442657200.0
443159100.0
444093400.0
445021200.0
445943200.0
446433300.0
446921800.0
447832600.0
448738300.0
449639400.0
450118600.0
450596600.0
451488400.0
451962700.0
452435600.0
453259100.0
454078500.0
454951800.0
455416300.0
455879500.0
456743700.0
457603700.0
458459700.0
458915100.0
459369400.0
460217400.0
461061600.0
461902200.0
462349400.0
462795600.0
463628400.0
464071500.0
464513600.0
465338800.0
466160500.0
466978700.0
467414100.0
467848400.0
468659600.0
469467400.0
470271900.0
470700100.0
471127200.0
471924900.0
472349400.0
472773000.0
473537600.0
474299300.0
475084100.0
475501800.0
475918600.0
476697100.0
477472700.0
478245400.0
478656600.0
479066900.0
479833500.0
480597300.0
481358100.0
481763000.0
482167200.0
482922100.0
483324000.0
483725100.0
484474400.0
485221100.0
485965200.0
486361200.0
486756600.0
487495200.0
488231200.0
488964700.0
489355200.0
489745100.0
490473500.0
490861400.0
491248600.0
491924200.0
492597800.0
493317300.0
493700400.0
494082800.0
494797700.0
495510500.0
496221100.0
496599400.0
496977200.0
497683400.0
498387500.0
499089600.0
499463400.0
499836700.0
500534600.0
500906200.0
501277300.0
501971200.0
502663000.0
503353000.0
503720500.0
504087500.0
504773600.0
505457900.0
506140500.0
506504100.0
506867100.0
507546000.0
507907600.0
508268700.0
508899100.0
509528100.0
510200200.0
510558300.0
510915900.0
511584700.0
512251800.0
512917300.0
513271800.0
513625900.0
514288100.0
514948800.0
515607800.0
515958800.0
516309500.0
516965300.0
517314700.0
517663600.0
518316200.0
518967400.0
519617100.0
519963100.0
520308800.0
520955300.0
521600400.0
522244100.0
522586900.0
522929400.0
523570100.0
523911400.0
524252200.0
524847600.0
525441800.00000006
526076900.0
526415199.99999994
526753199.99999994
527385600.0
528016699.99999994
528646300.00000006
528981800.00000006
529316900.0
529943800.00000006
530569600.0
531193900.0
531526500.0
531858800.00000006
532480600.0
532811800.00000006
533142800.00000006
533761900.0
534379800.00000006
534996600.0
535325100.0
535653400.0
536267600.0
536880700.0
537492700.0
537818700.0
538144400.0
538753900.0
539078600.0
539403100.0
539989900.0
540575900.0
541180800.0
541503100.0
541825100.0
542427700.0
543029200.0
543629600.0
543949500.0
544269100.0
544867200.0
545464300.0
546060400.0
546377900.0
546695200.0
547289000.0
547605400.0
547921600.0
548513200.0
549103900.0
549693600.0
550007800.0
550321800.0
550909300.0
551495900.0
552081500.0
552393600.0
552705200.0
553288800.0
553599800.0
553910400.0
554453300.0
554995300.0
555575100.0
555883900.0
556192600.0
556770400.0
557347100.0
557922900.0
558229800.0
558536200.0
559110000.0
559682800.0
560254600.0
560559400.0
560863800.0
561433800.0
561737400.0
562040800.0
562608700.0
563175700.0
563741800.0
564043400.0
564344800.0
564909000.0
565472200.0
566034400.0
566333900.0
566633200.0
567193500.0
567491900.0
567790100.0
568311200.0
568831400.0
569387900.0
569684400.0
569980600.0
570535200.0
571088800.0
571641400.0
571935900.0
572230100.0
572780900.0
573330800.0
573879800.0
574172400.0
574464700.0
575011900.0
575303600.0
575594900.0
576140400.0
576685000.0
577228800.0
577518500.0
577808100.0
578350100.0
578891200.0
579431600.0
579719600.0
580007300.0
580546000.0
580833000.0
581119800.0
581621100.0
582121600.0
582657000.0
582942400.0
583227500.0
583761400.0
584294300.0
584826500.0
585110100.0
585393600.0
585924100.0
586453900.0
586982900.0
587264900.0
587546600.0
588074100.0
588355100.0
588635900.0
589161900.0
589687000.0
590211300.0
590490800.0
590770000.0
591292800.0
591814800.0
592336100.0
592613900.0
592891500.0
593411200.0
593688200.0
593965100.0
594466100.0
594966400.0
595483200.0
595758800.0
596034000.0
596549300.0
597063900.0
597577900.0
597851800.0
598125500.0
598637900.0
599149800.0
599660800.0
599933200.0
600205400.0
600715000.0
600986600.0
601258100.0
601766200.0
602273900.0
602780700.0
603050800.0
603320800.0
603826200.0
604331000.0
604835100.0
605103800.0
605372200.0
605874900.0
606142900.0
606410600.0
606878500.0
607345900.0
607845900.0
608112400.0
608378800.0
608877400.0
609375300.0
609872400.0
610137200.0
610402000.0
610897600.0
611392200.0
611886200.0
612149600.0
612412600.0
612905100.0
613167600.0
613429800.0
613920800.0
614411000.0
614900500.0
615161400.0
615422100.0
615910100.0
616397400.0
616884100.0
617143400.0
617402600.0
2805754.0
2809930.0
2808786.0
2814645.0
2811299.0
2811091.0
2804506.0
2801889.0
2794153.0
2791911.0
2783404.0
2781823.0
2775913.0
2776810.0
2769091.0
2768392.0
2761218.0
2762678.0
2757427.0
2757607.0
2752539.0
2754373.0
2748155.0
2748967.0
2743044.0
2744414.0
2740867.0
2741161.0
2736405.0
2736983.0
2733316.0
2734912.0
2730445.0
2732133.0
2728540.0
2729618.0
2725437.0
2726533.0
2723025.0
2724899.0
2720743.0
2721982.0
2717850.0
2719803.0
2716370.0
2717712.0
2713705.0
2715102.0
2711721.0
2713739.0
2709828.0
2711874.0
2708549.0
2710062.0
2706234.0
2707786.0
2704510.0
2706594.0
2702872.0
2704477.0
2700770.0
2702883.0
2699709.0
2701381.0
2698250.0
2700379.0
2696887.0
2698648.0
2695164.0
2697307.0
2694281.0
2696031.0
2692665.0
2695283.0
2691081.0
2694478.0
2689916.0
2693002.0
2688468.0
2691931.0
2687747.0
2690942.0
2686765.0
2690290.0
2685838.0
2689108.0
2684669.0
2688244.0
2684076.0
2687431.0
2683017.0
2686392.0
2682226.0
2685870.0
2681475.0
2685132.0
2680968.0
2684449.0
2680082.0
2683551.0
2679371.0
2683076.0
2678674.0
2682176.0
2677770.0
2681499.0
2677301.0
2680847.0
2676439.0
2679985.0
2675773.0
2679545.0
2675133.0
2678914.0
2674689.0
2678292.0
2673860.0
2677471.0
2673228.0
2677056.0
2672626.0
2676263.0
2671817.0
2675658.0
2671399.0
2675078.0
2670817.0
2674685.0
2670259.0
2673984.0
2669522.0
2673408.0
2669122.0
2672853.0
2668384.0
2672109.0
2667812.0
2671733.0
2667260.0
2671011.0
2666522.0
2670459.0
2666139.0
2669927.0
2665606.0
2669565.0
2665071.0
2668861.0
2664350.0
2668322.0
2663984.0
2667802.0
2663279.0
2667106.0
2662750.0
2666755.0
2662234.0
2666243.0
2661883.0
2665768.0
2661257.0
2665117.0
2660739.0
2664777.0
2660231.0
2664118.0
2659566.0
2663616.0
2659218.0
2663135.0
2658576.0
2662485.0
2658079.0
2662160.0
2657599.0
2661685.0
2657264.0
2661215.0
2656636.0
2660580.0
2656149.0
2660260.0
2655680.0
2659641.0
2655042.0
2659166.0
2654713.0
2658710.0
2654258.0
2658401.0
2653812.0
2657819.0
2653201.0
2657350.0
2652884.0
2656902.0
2652274.0
2656288.0
2651804.0
2655982.0
2651344.0
2655380.0
2650728.0
2654923.0
2650417.0
2654480.0
2649977.0
2654183.0
2649525.0
2653586.0
2648914.0
2653133.0
2648605.0
2652693.0
2648019.0
2652091.0
2647558.0
2651794.0
2647110.0
2651355.0
2646806.0
2650940.0
2646271.0
2650370.0
2645814.0
2650074.0
2645370.0
2649488.0
2644774.0
2649042.0
2644467.0
2648613.0
2643900.0
2648038.0
2643459.0
2647754.0
2643032.0
2647339.0
2642750.0
2646929.0
2642200.0
2646378.0
2641785.0
2646108.0
2641377.0
2645571.0
2640834.0
2645176.0
2640571.0
2644807.0
2640205.0
2644575.0
2639876.0
2644151.0
2639435.0
2643806.0
2639208.0
2643491.0
2638777.0
2643055.0
2638440.0
2642855.0
2638139.0
2642450.0
2637729.0
2642141.0
2637527.0
2641858.0
2637237.0
2641672.0
2636946.0
2641282.0
2636545.0
2640992.0
2636350.0
2640717.0
2635980.0
2640332.0
2635687.0
2640150.0
2635408.0
2639877.0
2635230.0
2639625.0
2634884.0
2639268.0
2634604.0
2639084.0
2634334.0
2638716.0
2633942.0
2638438.0
2633755.0
2638167.0
2633387.0
2637795.0
2633107.0
2637616.0
2632831.0
2637347.0
2632646.0
2637078.0
2632283.0
2636695.0
2631984.0
2636519.0
2631713.0
2636148.0
2631336.0
2635865.0
2631139.0
2635595.0
2630874.0
2635419.0
2630604.0
2635062.0
2630233.0
2634779.0
2630037.0
2634505.0
2629664.0
2634124.0
2629378.0
2633943.0
2629102.0
2633569.0
2628715.0
2633286.0
2628527.0
2633013.0
2628252.0
2632837.0
2627981.0
2632460.0
2627595.0
2632172.0
2627399.0
2631894.0
2627167.0
2631513.0
2626871.0
2631332.0
2626596.0
2631054.0
2626406.0
2630792.0
2626059.0
2630421.0
2625771.0
2630237.0
2625481.0
2629851.0
2625091.0
2629571.0
2624905.0
2629303.0
2624549.0
2628945.0
2624279.0
2628786.0
2624038.0
2628542.0
2623885.0
2628307.0
2623553.0
2627985.0
2623316.0
2627836.0
2623084.0
2627530.0
2622775.0
2627301.0
2622616.0
2570734.0
2575038.0
2577460.0
2572196.0
2552457.0
2532175.0
2513942.0
2498237.0
2485048.0
2473973.0
2464603.0
2456564.0
2452615.0
2448957.0
2442951.0
2437599.0
2432818.0
2430401.0
2428126.0
2424233.0
2422267.0
2420388.0
2417158.0
2414160.0
2411367.0
2409920.0
2408525.0
2406040.0
2403700.0
2401467.0
2400311.0
2399179.0
2397151.0
2396087.0
2395061.0
2393319.0
2391655.0
2389934.0
2389044.0
2388165.0
2386582.0
2385036.0
2383550.0
2382757.0
2382000.0
2380597.0
2379246.0
2377917.0
2377225.0
2376531.0
2375296.0
2374637.0
2373999.0
2372815.0
2371673.0
2370548.0
2369967.0
2369382.0
2368324.0
2367281.0
2366269.0
2365723.0
2365202.0
2364210.0
2363699.0
2363176.0
2362276.0
2361371.0
2360467.0
2359977.0
2359515.0
2358634.0
2357790.0
2356949.0
2356519.0
2356076.0
2355295.0
2354508.0
2353760.0
2353365.0
2352979.0
2352270.0
2351907.0
2351538.0
2350877.0
2350218.0
2349586.0
2349244.0
2348924.0
2348308.0
2347715.0
2347120.0
2346816.0
2346503.0
2345940.0
2345640.0
2345337.0
2344801.0
2344275.0
2343701.0
2343405.0
2343096.0
2342553.0
2341993.0
2341456.0
2341163.0
2340889.0
2340353.0
2339835.0
2339312.0
2339040.0
2338765.0
2338262.0
2337993.0
2337737.0
2337236.0
2336760.0
2336279.0
2336034.0
2335776.0
2335320.0
2334858.0
2334413.0
2334168.0
2333942.0
2333499.0
2333275.0
2333036.0
2332647.0
2332249.0
2331839.0
2331614.0
2331408.0
2330996.0
2330602.0
2330196.0
2329987.0
2329769.0
2329383.0
2328989.0
2328610.0
2328400.0
2328208.0
2327826.0
2327635.0
2327431.0
2327069.0
2326697.0
2326339.0
2326144.0
2325955.0
2325598.0
2325250.0
2324895.0
2324718.0
2324530.0
2324197.0
2324016.0
2323842.0
2323534.0
2323235.0
2322907.0
2322742.0
2322564.0
2322256.0
2321936.0
2321633.0
2321459.0
2321303.0
2320993.0
2320696.0
2320391.0
2320239.0
2320076.0
2319790.0
2319629.0
2319484.0
2319194.0
2318913.0
2318623.0
2318479.0
2318324.0
2318048.0
2317765.0
2317495.0
2317343.0
2317207.0
2316929.0
2316794.0
2316647.0
2316398.0
2316137.0
2315879.0
2315733.0
2315594.0
2315326.0
2315068.0
2314801.0
2314668.0
2314525.0
2314280.0
2314019.0
2313771.0
2313629.0
2313503.0
2313249.0
2313123.0
2312986.0
2312750.0
2312496.0
2312253.0
2312114.0
2311991.0
2311742.0
2311504.0
2311254.0
2311128.0
2310993.0
2310764.0
2310629.0
2310511.0
2310288.0
2310079.0
2309841.0
2309720.0
2309592.0
2309375.0
2309139.0
2308923.0
2308805.0
2308701.0
2308498.0
2308316.0
2308128.0
2308036.0
2307937.0
2307771.0
2307676.0
2307597.0
2307429.0
2307275.0
2307109.0
2307031.0
2306942.0
2306795.0
2306637.0
2306515.0
2306447.0
2306397.0
2306292.0
2306248.0
2306194.0
2306126.0
2306048.0
2305977.0
2305937.0
2305906.0
2305833.0
2305777.0
2305711.0
2305684.0
2305647.0
2305601.0
2305542.0
2305495.0
2305467.0
2305445.0
2305395.0
2305376.0
2305344.0
2305310.0
2305261.0
2305220.0
2305192.0
2305177.0
2305132.0
2305095.0
2305049.0
2305034.0
2305005.0
2304975.0
2304953.0
2304937.0
2304894.0
2304868.0
2304821.0
2304806.0
2304780.0
2304745.0
2304698.0
2304663.0
2304635.0
2304623.0
2304578.0
2304547.0
2304500.0
2304483.0
2304456.0
2304428.0
2304400.0
2304388.0
2304348.0
2304314.0
2304267.0
2304253.0
2304225.0
2304194.0
2304150.0
2304112.0
2304085.0
2304070.0
2304028.0
2304011.0
2303984.0
2303960.0
2303917.0
2303881.0
2303851.0
2303837.0
2303788.0
2303758.0
2303713.0
2303694.0
2303665.0
2303636.0
2303585.0
2303551.0
2303521.0
2303507.0
2303458.0
2303445.0
2303419.0
2303391.0
2303344.0
2303306.0
2303276.0
2303260.0
2303213.0
2303178.0
2303124.0
2303105.0
2303076.0
2303046.0
2303013.0
2302997.0
2302951.0
2302922.0
2302874.0
2302853.0
2302824.0
2302792.0
2302764.0
2302767.0
2302764.0
2302773.0
2302792.0
2302828.0
2302860.0
2302884.0
2302905.0
2302965.0
2302991.0
2303024.0
2303080.0
2303151.0
2303214.0
2303254.0
2303285.0
2303365.0
2303433.0
2303510.0
2303547.0
2303591.0
2541605.0
2547297.0
2551842.0
2550901.0
2537524.0
2521833.0
2506772.0
2493275.0
2481554.0
2471435.0
2462683.0
2455038.0
2451260.0
2447715.0
2441828.0
2436555.0
2431807.0
2429405.0
2427125.0
2423220.0
2421250.0
2419347.0
2416093.0
2413052.0
2410219.0
2408746.0
2407328.0
2404803.0
2402413.0
2400137.0
2398962.0
2397812.0
2395754.0
2394674.0
2393632.0
2391865.0
2390179.0
2388425.0
2387524.0
2386630.0
2385014.0
2383433.0
2381910.0
2381105.0
2380321.0
2378885.0
2377488.0
2376115.0
2375408.0
2374703.0
2373423.0
2372737.0
2372082.0
2370866.0
2369688.0
2368527.0
2367925.0
2367313.0
2366228.0
2365154.0
2364106.0
2363549.0
2363009.0
2361992.0
2361471.0
2360946.0
2360019.0
2359093.0
2358171.0
2357674.0
2357202.0
2356300.0
2355450.0
2354595.0
2354157.0
2353706.0
2352904.0
2352118.0
2351367.0
2350964.0
2350578.0
2349865.0
2349509.0
2349139.0
2348484.0
2347832.0
2347200.0
2346864.0
2346538.0
2345934.0
2345359.0
2344771.0
2344474.0
2344170.0
2343619.0
2343319.0
2343038.0
2342513.0
2342010.0
2341461.0
2341174.0
2340885.0
2340347.0
2339818.0
2339307.0
2339028.0
2338755.0
2338242.0
2337750.0
2337245.0
2336984.0
2336719.0
2336240.0
2335981.0
2335728.0
2335258.0
2334800.0
2334333.0
2334096.0
2333862.0
2333417.0
2332974.0
2332544.0
2332314.0
2332093.0
2331662.0
2331448.0
2331233.0
2330849.0
2330471.0
2330075.0
2329860.0
2329656.0
2329272.0
2328883.0
2328493.0
2328292.0
2328082.0
2327715.0
2327341.0
2326974.0
2326776.0
2326587.0
2326224.0
2326036.0
2325843.0
2325500.0
2325144.0
2324796.0
2324604.0
2324434.0
2324081.0
2323746.0
2323407.0
2323232.0
2323058.0
2322737.0
2322561.0
2322400.0
2322100.0
2321815.0
2321500.0
2321338.0
2321176.0
2320876.0
2320570.0
2320273.0
2320113.0
2319960.0
2319671.0
2319384.0
2319092.0
2318944.0
2318787.0
2318515.0
2318363.0
2318220.0
2317944.0
2317677.0
2317399.0
2317257.0
2317112.0
2316852.0
2316576.0
2316315.0
2316168.0
2316032.0
2315777.0
2315635.0
2315494.0
2315257.0
2315006.0
2314754.0
2314613.0
2314485.0
2314227.0
2313980.0
2313722.0
2313592.0
2313456.0
2313216.0
2312966.0
2312723.0
2312590.0
2312464.0
2312222.0
2312100.0
2311970.0
2311740.0
2311497.0
2311261.0
2311130.0
2311008.0
2310770.0
2310540.0
2310298.0
2310177.0
2310053.0
2309825.0
2309698.0
2309580.0
2309365.0
2309161.0
2308928.0
2308811.0
2308688.0
2308469.0
2308242.0
2308033.0
2307913.0
2307805.0
2307607.0
2307420.0
2307225.0
2307130.0
2307031.0
2306861.0
2306766.0
2306679.0
2306508.0
2306347.0
2306176.0
2306091.0
2306002.0
2305849.0
2305683.0
2305551.0
2305479.0
2305420.0
2305309.0
2305256.0
2305202.0
2305123.0
2305035.0
2304957.0
2304906.0
2304869.0
2304794.0
2304727.0
2304648.0
2304615.0
2304577.0
2304521.0
2304453.0
2304395.0
2304355.0
2304329.0
2304272.0
2304245.0
2304214.0
2304172.0
2304113.0
2304063.0
2304030.0
2304008.0
2303955.0
2303910.0
2303854.0
2303829.0
2303799.0
2303761.0
2303729.0
2303709.0
2303667.0
2303625.0
2303572.0
2303549.0
2303518.0
2303479.0
2303424.0
2303376.0
2303346.0
2303325.0
2303274.0
2303229.0
2303177.0
2303151.0
2303122.0
2303082.0
2303052.0
2303033.0
2302980.0
2302938.0
2302880.0
2302855.0
2302826.0
2302785.0
2302729.0
2302681.0
2302650.0
2302628.0
2302572.0
2302551.0
2302525.0
2302484.0
2302429.0
2302383.0
2302351.0
2302330.0
2302276.0
2302228.0
2302171.0
2302146.0
2302111.0
2302072.0
2302015.0
2301964.0
2301932.0
2301910.0
2301851.0
2301831.0
2301798.0
2301757.0
2301699.0
2301648.0
2301616.0
2301593.0
2301537.0
2301484.0
2301421.0
2301392.0
2301361.0
2301313.0
2301280.0
2301257.0
2301205.0
2301158.0
2301097.0
2301071.0
2301037.0
2300993.0
2300946.0
2300920.0
2300907.0
2300903.0
2300893.0
2300901.0
2300901.0
2300906.0
2300916.0
2300945.0
2300950.0
2300969.0
2300995.0
2301034.0
2301064.0
2301083.0
2301103.0
2301152.0
2301186.0
2301229.0
2301247.0
2301275.0
23630.0
24190.0
24898.0
25588.0
26622.0
27786.0
28800.0
30093.0
31017.0
31957.0
32855.0
33694.0
34237.0
34729.0
35584.0
36466.0
37404.0
37943.0
38476.0
39325.0
39802.0
40270.0
41066.0
41844.0
42686.0
43167.0
43852.0
44657.0
45407.0
46189.0
46658.0
47139.0
47920.0
48386.0
48924.0
49673.0
50253.0
50895.0
51369.0
51963.0
52757.0
53354.0
53976.0
54263.0
54714.0
55372.0
55951.0
56801.0
57307.0
57595.0
58195.0
58624.0
59059.0
59636.0
60213.0
60800.0
61211.0
61639.0
62208.0
62781.0
63349.0
63816.0
64245.00000000001
65027.0
65458.0
65743.0
66324.01
67011.0
67593.0
68147.0
68554.0
69189.0
69765.01000000001
70470.0
70870.0
71131.0
71663.0
72464.0
73171.01
73650.0
74095.0
74693.0
75127.01
75576.0
76139.0
76717.0
77359.0
77642.01
78094.0
78666.0
79240.01
79807.01000000001
80235.0
80658.0
81455.0
81881.0
82324.01
82723.01000000001
83250.01000000001
83828.0
84255.0
84515.01000000001
85209.01000000001
85879.01
86457.0
86738.01000000001
87144.0
87863.01000000001
88818.0
89420.01000000001
89884.0
90291.01
90963.01
91222.01
91622.0
92029.01
92588.01
93051.0
93491.0
93949.01
94522.0
95181.01
95927.0
96231.0
96654.01
97431.01
97858.0
98169.01
98869.0
99424.0
99997.0
100279.0
100691.0
101263.0
101978.0
102567.0
102984.0
103451.0
104032.0
104599.0
105273.0
105554.0
105974.0
106627.0
107041.0
107462.0
108043.0
108601.0
109195.0
109600.0
110036.0
110462.0
111019.0
111646.0
112059.0
112502.0
113106.0
113522.0
113976.0
114616.0
115197.0
115786.0
116232.0
116538.0
117166.0
117736.0
118478.0
118765.0
119177.0
119766.0
120328.0
120964.0
121389.0
121812.0
122498.0
122777.0
123185.0
123913.0
124470.0
125061.0
125468.0
125876.0
126450.0
127016.0
127625.0
127958.0
128342.00000000001
128994.0
129417.0
129840.0
130467.99999999999
130994.0
131706.0
132120.0
132546.0
133115.0
133674.0
134249.0
134651.0
134932.0
135472.0
135886.0
136589.0
136910.0
137313.0
137888.0
138297.0
138582.0
139130.0
139514.0
140082.0
140364.0
140768.0
141319.0
141846.0
142531.0
142925.0
143208.0
143782.0
144135.0
144539.0
145047.0
145520.0
146053.0
146483.0
146768.0
147273.0
147800.0
148465.0
148729.0
149133.0
149709.0
150216.0
150825.0
151261.0
151587.0
152234.0
152516.0
152923.0
153327.0
153852.0
154476.0
154892.0
155171.0
155785.0
156208.0
156784.0
157066.0
157466.0
157915.0
158346.0
158640.0
159239.0
159735.0
160281.0
160686.0
161098.0
161676.0
162209.0
162610.0
163020.0
163308.0
163878.0
164420.0
165090.0
165511.0
165924.0
166509.0
166922.0
167204.0
167749.0
168144.0
168696.0
168979.0
169381.0
169964.0
170494.0
171041.0
171452.0
171757.0
172358.0
172766.0
173193.0
173638.0
174131.0
174713.0
175166.0
175586.0
176135.0
176490.0
177037.0
177320.0
177725.0
178183.0
178688.0
179316.0
179737.0
180020.0
180606.0
180893.0
181303.0
181818.0
182354.0
182731.0
183145.0
183428.0
183975.0
184508.0
185094.0
185374.0
185779.0
186332.0
186732.0
187030.0
187595.0
188118.0
188658.0
188951.0
189362.0
189738.0
190240.0
190753.0
191144.0
191428.0
191936.0
192293.0
192865.0
193173.0
193576.0
194027.0
194415.0
194697.0
195214.0
195732.0
196254.0
196535.0
196940.0
197311.0
197810.0
198207.0
198595.0
198877.0
199441.0
199720.0
200154.0
200604.0
201083.0
201599.0
201990.0
202275.0
202834.0
203198.0
203748.0
204008.0
204404.0
204804.0
205334.0
205770.0
206159.0
206453.0
207078.0
207501.0
207903.0
208303.0
208833.0
209441.0
209853.0
210140.0
210681.0
211258.0
211807.0
212067.0
212455.0
50117570.0
50138210.0
50178540.0
50256800.0
50398020.0
50531450.0
50659840.0
50783880.0
50904040.0
51021460.0
51136710.0
51250200.0
51310260.0
51369900.0
51480460.0
51589880.0
51698190.0
51755640.0
51812790.0
51918990.0
51975360.0
52031490.0
52135950.0
52239700.0
52342810.0
52397620.0
52452260.0
52554120.0
52655420.0
52756200.0
52809800.0
52863270.0
52963030.0
53016090.0
53068990.0
53161120.0
53252790.0
53350510.0
53402480.0
53454310.0
53551020.0
53647260.0
53743050.0
53794020.0
53844860.0
53939770.0
54034260.0
54128320.0
54178370.0
54228300.0
54321500.0
54371090.0
54420560.0
54512910.0
54604860.0
54696400.0
54745120.0
54793710.0
54884460.0
54974830.0
55064840.0
55112730.0
55160510.0
55249720.0
55297190.0
55344560.0
55430060.0
55515220.0
55602960.0
55649650.0
55696240.0
55783250.0
55869930.0
55956270.0
56002220.0
56048060.0
56133710.0
56219020.0
56304000.0
56349220.0
56394360.0
56478650.0
56523520.0
56568300.0
56651950.0
56735290.0
56818340.0
56862540.0
56906660.0
56989070.0
57071190.0
57153020.0
57196590.0
57240070.0
57321320.0
57364590.0
57407770.0
57483110.0
57558230.0
57638450.0
57681160.0
57723800.0
57803490.0
57882940.0
57962140.0
58004310.0
58046410.0
58125120.0
58203580.0
58281810.0
58323460.0
58365050.0
58442800.0
58484200.0
58525540.0
58602830.0
58679890.0
58756740.0
58797670.0
58838540.0
58914950.0
58991150.0
59067150.0
59107620.0
59148040.0
59223630.0
59263880.0
59304080.0
59374260.0
59444270.0
59519080.0
59558930.0
59598720.0
59673150.0
59747390.0
59821450.0
59860890.0
59900290.0
59973970.0
60047470.0
60120790.0
60159840.0
60198840.0
60271800.0
60310650.0
60349460.0
60422050.0
60494480.0
60566720.0
60605210.0
60643640.0
60715540.0
60787280.0
60858840.0
60896970.0
60935040.0
61006270.0
61044210.0
61082110.0
61148300.0
61214340.0
61284950.0
61322550.0
61360120.0
61430410.0
61500540.0
61570520.0
61607800.0
61645030.0
61714700.0
61784220.0
61853600.0
61890560.0
61927480.0
61996550.0
62033350.0
62070120.0
62138900.0
62207540.0
62276040.0
62312540.0
62349000.0
62417220.0
62485320.0
62553270.0
62589480.0
62625650.0
62693330.0
62729390.0
62765410.0
62830590.0
62895630.0
62962800.0
62998570.0
63034330.0
63101220.0
63168000.0
63234640.0
63270150.0
63305620.0
63372020.0
63438290.0
63504430.0
63539680.0
63574890.0
63640790.0
63675890.0
63710980.0
63776630.0
63842170.0
63907590.0
63942450.0
63977280.0
64042460.0
64107540.0
64172500.0
64207110.0
64241690.0
64306410.0
64340900.0
64375360.0
64435570.0
64495680.0
64559970.0
64594230.0
64628450.0
64692520.0
64756480.0
64820320.0
64854330.0
64888320.0
64951930.0
65015440.0
65078830.0
65112610.0
65146360.0
65209530.0
65243190.0
65276820.0
65339770.0
65402610.0
65465350.0
65498780.0
65532180.0
65594710.00000001
65657119.99999999
65719420.0
65752619.99999999
65785789.99999999
65847869.99999999
65880940.0
65913979.99999999
65971729.99999999
66029369.99999999
66091030.0
66123880.00000001
66156700.0
66218149.99999999
66279479.99999999
66340720.0
66373340.0
66405950.0
66466970.0
66527890.0
66588710.00000001
66621119.99999999
66653509.99999999
66714119.99999999
66746429.99999999
66778710.00000001
66839130.00000001
66899460.00000001
66959700.0
66991789.99999999
67023869.99999999
67083910.0
67143850.0
67203700.0
67235590.0
67267460.0
67327120.0
67358910.0
67390680.0
67446200.0
67501620.0
67560930.0
67592530.0
67624100.0
67683220.0
67742240.0
67801180.0
67832590.0
67863970.0
67922710.0
67981380.0
68039960.0
68071180.0
68102370.0
68160770.0
68191890.0
68222980.0
68281210.0
68339340.0
68397390.0
68428330.0
68459240.0
68517120.0
68574910.0
68632620.0
68663380.0
68694100.0
68751640.0
68782300.0
68812950.0
68868410.0
68923780.0
68980990.0
69011480.0
69041950.0
69098990.0
69155950.0
69212830.0
69243140.0
69273430.0
69330150.0
69386790.0
69443350.0
69473490.0
69503620.0
69560020.0
69590070.0
69620100.0
69676340.0
69732510.0
69788590.0
69818480.0
69848340.0
69904270.0
69960120.0
70015900.0
70045620.0
70075330.0
70130950.0
70160590.0
70190210.0
70241980.0
70293670.0
70349000.0
70378480.0
70407940.0
70463100.0
70518180.0
70573160.0
70602470.0
70631740.0
70686560.0
70741290.0
70795940.0
70825050.0
70854160.0
70908630.0
70937660.0
70966670.0
71020980.0
71075210.0
71129350.0
71158220.0
71187050.0
71241030.0
71294940.0
71348770.0
71377450.0
71406120.0
2584718.0
2584749.0
2584172.0
2580766.0
2570130.0
2557536.0
2545544.0
2534476.0
2525039.0
2516763.0
2509414.0
2502844.0
2499535.0
2496401.0
2491035.0
2486100.0
2481538.0
2479201.0
2476958.0
2473042.0
2471026.0
2469086.0
2465678.0
2462475.0
2459457.0
2457894.0
2456384.0
2453696.0
2451145.0
2448719.0
2447458.0
2446230.0
2444043.0
2442901.0
2441790.0
2439932.0
2438146.0
2436315.0
2435358.0
2434427.0
2432745.0
2431123.0
2429560.0
2428742.0
2427937.0
2426484.0
2425077.0
2423716.0
2423000.0
2422302.0
2421027.0
2420358.0
2419702.0
2418510.0
2417354.0
2416230.0
2415639.0
2415058.0
2414000.0
2412970.0
2411967.0
2411439.0
2410919.0
2409973.0
2409475.0
2408986.0
2408121.0
2407280.0
2406429.0
2405983.0
2405542.0
2404740.0
2403958.0
2403198.0
2402796.0
2402398.0
2401673.0
2400965.0
2400275.0
2399912.0
2399557.0
2398913.0
2398574.0
2398242.0
2397640.0
2397055.0
2396487.0
2396187.0
2395894.0
2395361.0
2394841.0
2394334.0
2394067.0
2393805.0
2393326.0
2393072.0
2392823.0
2392398.0
2391977.0
2391535.0
2391301.0
2391069.0
2390644.0
2390225.0
2389811.0
2389592.0
2389377.0
2388979.0
2388587.0
2388200.0
2387995.0
2387793.0
2387420.0
2387221.0
2387027.0
2386667.0
2386311.0
2385960.0
2385775.0
2385591.0
2385254.0
2384919.0
2384590.0
2384415.0
2384242.0
2383923.0
2383754.0
2383587.0
2383300.0
2383015.0
2382714.0
2382553.0
2382396.0
2382104.0
2381815.0
2381528.0
2381376.0
2381225.0
2380947.0
2380670.0
2380396.0
2380250.0
2380106.0
2379841.0
2379701.0
2379562.0
2379305.0
2379049.0
2378795.0
2378660.0
2378526.0
2378278.0
2378031.0
2377785.0
2377655.0
2377525.0
2377287.0
2377159.0
2377034.0
2376818.0
2376603.0
2376374.0
2376252.0
2376132.0
2375908.0
2375686.0
2375465.0
2375346.0
2375230.0
2375015.0
2374800.0
2374586.0
2374473.0
2374360.0
2374152.0
2374040.0
2373931.0
2373727.0
2373523.0
2373320.0
2373211.0
2373104.0
2372904.0
2372704.0
2372505.0
2372399.0
2372295.0
2372101.0
2371998.0
2371895.0
2371711.0
2371526.0
2371335.0
2371233.0
2371132.0
2370942.0
2370753.0
2370564.0
2370463.0
2370362.0
2370176.0
2369990.0
2369804.0
2369704.0
2369606.0
2369424.0
2369327.0
2369231.0
2369052.0
2368872.0
2368692.0
2368595.0
2368500.0
2368323.0
2368145.0
2367966.0
2367871.0
2367777.0
2367601.0
2367507.0
2367415.0
2367254.0
2367093.0
2366919.0
2366827.0
2366734.0
2366562.0
2366390.0
2366217.0
2366125.0
2366035.0
2365868.0
2365703.0
2365539.0
2365453.0
2365368.0
2365212.0
2365129.0
2365048.0
2364898.0
2364749.0
2364600.0
2364522.0
2364444.0
2364301.0
2364158.0
2364018.0
2363944.0
2363873.0
2363745.0
2363678.0
2363613.0
2363503.0
2363397.0
2363286.0
2363228.0
2363171.0
2363069.0
2362969.0
2362871.0
2362819.0
2362768.0
2362677.0
2362587.0
2362499.0
2362451.0
2362406.0
2362323.0
2362280.0
2362237.0
2362159.0
2362081.0
2362003.0
2361961.0
2361921.0
2361847.0
2361773.0
2361699.0
2361659.0
2361621.0
2361550.0
2361511.0
2361474.0
2361411.0
2361346.0
2361277.0
2361240.0
2361203.0
2361135.0
2361067.0
2360997.0
2360959.0
2360923.0
2360856.0
2360788.0
2360719.0
2360682.0
2360646.0
2360580.0
2360543.0
2360509.0
2360443.0
2360377.0
2360310.0
2360274.0
2360238.0
2360172.0
2360105.0
2360037.0
2360000.0
2359965.0
2359899.0
2359864.0
2359828.0
2359765.0
2359701.0
2359633.0
2359596.0
2359561.0
2359494.0
2359426.0
2359357.0
2359320.0
2359283.0
2359215.0
2359146.0
2359076.0
2359038.0
2359001.0
2358932.0
2358896.0
2358859.0
2358792.0
2358722.0
2358652.0
2358614.0
2358577.0
2358508.0
2358438.0
2358365.0
2358327.0
2358289.0
2358219.0
2358180.0
2358143.0
2358078.0
2358012.0
2357940.0
2357902.0
2357864.0
2357793.0
2357722.0
2357652.0
2357615.0
2357581.0
2357519.0
2357460.0
2357404.0
2357375.0
2357347.0
2357300.0
2357274.0
2357251.0
2357211.0
2357171.0
2357133.0
2357113.0
2357094.0
2357062.0
2357030.0
2356998.0
2356982.0
2356967.0
2552310.0
2577232.0
2586612.0
2584609.0
2576496.0
2568577.0
2560789.0
2553243.0
2546040.0
2539062.0
2532636.0
2526714.0
2523688.0
2520794.0
2515729.0
2511068.0
2506843.0
2504670.0
2502600.0
2498865.0
2496979.0
2495155.0
2491923.0
2488813.0
2485816.0
2484163.0
2482568.0
2479688.0
2476954.0
2474336.0
2472986.0
2471672.0
2469323.0
2468106.0
2466926.0
2464931.0
2463012.0
2460994.0
2459932.0
2458870.0
2456885.0
2454920.0
2453000.0
2451989.0
2450986.0
2449154.0
2447372.0
2445621.0
2444707.0
2443808.0
2442169.0
2441308.0
2440472.0
2438938.0
2437437.0
2435942.0
2435165.0
2434392.0
2432982.0
2431604.0
2430267.0
2429573.0
2428910.0
2427704.0
2427081.0
2426465.0
2425377.0
2424307.0
2423237.0
2422669.0
2422121.0
2421110.0
2420133.0
2419171.0
2418675.0
2418184.0
2417283.0
2416423.0
2415668.0
2415276.0
2414907.0
2414246.0
2413906.0
2413575.0
2412981.0
2412402.0
2411849.0
2411557.0
2411276.0
2410762.0
2410264.0
2409773.0
2409519.0
2409273.0
2408819.0
2408579.0
2408345.0
2407939.0
2407542.0
2407115.0
2406896.0
2406677.0
2406275.0
2405869.0
2405467.0
2405252.0
2405048.0
2404669.0
2404293.0
2403907.0
2403713.0
2403512.0
2403152.0
2402955.0
2402770.0
2402419.0
2402073.0
2401724.0
2401543.0
2401367.0
2401040.0
2400705.0
2400383.0
2400206.0
2400041.0
2399723.0
2399560.0
2399396.0
2399113.0
2398823.0
2398521.0
2398356.0
2398203.0
2397908.0
2397616.0
2397317.0
2397165.0
2397016.0
2396737.0
2396451.0
2396177.0
2396026.0
2395887.0
2395617.0
2395479.0
2395341.0
2395086.0
2394822.0
2394565.0
2394427.0
2394292.0
2394040.0
2393782.0
2393520.0
2393389.0
2393257.0
2393016.0
2392884.0
2392762.0
2392538.0
2392319.0
2392075.0
2391954.0
2391828.0
2391601.0
2391363.0
2391135.0
2391009.0
2390895.0
2390670.0
2390453.0
2390225.0
2390112.0
2389995.0
2389786.0
2389668.0
2389564.0
2389354.0
2389148.0
2388932.0
2388825.0
2388716.0
2388521.0
2388310.0
2388110.0
2387996.0
2387899.0
2387697.0
2387597.0
2387495.0
2387313.0
2387121.0
2386927.0
2386823.0
2386725.0
2386529.0
2386340.0
2386143.0
2386046.0
2385943.0
2385762.0
2385571.0
2385385.0
2385281.0
2385193.0
2385009.0
2384919.0
2384822.0
2384645.0
2384456.0
2384274.0
2384169.0
2384080.0
2383895.0
2383716.0
2383528.0
2383438.0
2383335.0
2383164.0
2383064.0
2382978.0
2382812.0
2382649.0
2382465.0
2382373.0
2382274.0
2382104.0
2381919.0
2381742.0
2381641.0
2381557.0
2381382.0
2381211.0
2381035.0
2380953.0
2380863.0
2380710.0
2380620.0
2380546.0
2380389.0
2380233.0
2380070.0
2379994.0
2379909.0
2379765.0
2379609.0
2379475.0
2379404.0
2379353.0
2379245.0
2379203.0
2379152.0
2379080.0
2379002.0
2378927.0
2378889.0
2378859.0
2378785.0
2378722.0
2378657.0
2378630.0
2378594.0
2378545.0
2378485.0
2378433.0
2378407.0
2378388.0
2378337.0
2378321.0
2378294.0
2378256.0
2378212.0
2378165.0
2378139.0
2378128.0
2378082.0
2378042.0
2377994.0
2377981.0
2377956.0
2377921.0
2377904.0
2377892.0
2377854.0
2377817.0
2377767.0
2377752.0
2377731.0
2377689.0
2377640.0
2377593.0
2377563.0
2377551.0
2377503.0
2377454.0
2377399.0
2377382.0
2377354.0
2377312.0
2377285.0
2377274.0
2377224.0
2377179.0
2377125.0
2377105.0
2377075.0
2377033.0
2376979.0
2376928.0
2376898.0
2376884.0
2376830.0
2376811.0
2376782.0
2376742.0
2376689.0
2376635.0
2376604.0
2376586.0
2376530.0
2376475.0
2376414.0
2376392.0
2376357.0
2376305.0
2376245.0
2376186.0
2376152.0
2376135.0
2376071.0
2376052.0
2376018.0
2375968.0
2375904.0
2375843.0
2375807.0
2375786.0
2375723.0
2375661.0
2375593.0
2375568.0
2375530.0
2375475.0
2375439.0
2375418.0
2375360.0
2375305.0
2375238.0
2375213.0
2375175.0
2375120.0
2375055.0
2374990.0
2374959.0
2374944.0
2374898.0
2374847.0
2374807.0
2374791.0
2374768.0
2374737.0
2374725.0
2374720.0
2374693.0
2374661.0
2374631.0
2374627.0
2374614.0
2374599.0
2374578.0
2374559.0
2374549.0
2374553.0
2538302.0
2542784.0
2544786.0
2538054.0
2516063.0
2494385.0
2475244.0
2458925.0
2445343.0
2434021.0
2424479.0
2416328.0
2412333.0
2408632.0
2402560.0
2397158.0
2392323.0
2389883.0
2387581.0
2383643.0
2381657.0
2379756.0
2376484.0
2373451.0
2370616.0
2369151.0
2367731.0
2365212.0
2362831.0
2360562.0
2359387.0
2358233.0
2356162.0
2355080.0
2354034.0
2352255.0
2350557.0
2348801.0
2347893.0
2346994.0
2345379.0
2343801.0
2342283.0
2341473.0
2340702.0
2339273.0
2337895.0
2336542.0
2335837.0
2335127.0
2333869.0
2333200.0
2332549.0
2331345.0
2330179.0
2329033.0
2328443.0
2327849.0
2326770.0
2325708.0
2324678.0
2324122.0
2323590.0
2322583.0
2322062.0
2321531.0
2320616.0
2319698.0
2318782.0
2318283.0
2317813.0
2316923.0
2316065.0
2315214.0
2314778.0
2314330.0
2313535.0
2312741.0
2311983.0
2311583.0
2311190.0
2310469.0
2310101.0
2309727.0
2309053.0
2308382.0
2307738.0
2307389.0
2307061.0
2306438.0
2305833.0
2305227.0
2304917.0
2304599.0
2304023.0
2303717.0
2303410.0
2302861.0
2302327.0
2301744.0
2301442.0
2301129.0
2300571.0
2300007.0
2299466.0
2299168.0
2298888.0
2298348.0
2297821.0
2297295.0
2297018.0
2296742.0
2296234.0
2295960.0
2295700.0
2295197.0
2294716.0
2294230.0
2293981.0
2293726.0
2293264.0
2292802.0
2292353.0
2292107.0
2291876.0
2291431.0
2291205.0
2290969.0
2290576.0
2290178.0
2289766.0
2289541.0
2289331.0
2288922.0
2288525.0
2288119.0
2287913.0
2287696.0
2287308.0
2286916.0
2286536.0
2286328.0
2286132.0
2285754.0
2285563.0
2285362.0
2284998.0
2284629.0
2284270.0
2284077.0
2283889.0
2283530.0
2283183.0
2282833.0
2282656.0
2282470.0
2282137.0
2281961.0
2281787.0
2281480.0
2281182.0
2280858.0
2280695.0
2280519.0
2280210.0
2279896.0
2279593.0
2279424.0
2279269.0
2278963.0
2278669.0
2278368.0
2278218.0
2278058.0
2277771.0
2277614.0
2277468.0
2277182.0
2276903.0
2276619.0
2276477.0
2276325.0
2276050.0
2275770.0
2275499.0
2275348.0
2275211.0
2274938.0
2274802.0
2274657.0
2274407.0
2274148.0
2273890.0
2273747.0
2273610.0
2273344.0
2273086.0
2272823.0
2272691.0
2272550.0
2272303.0
2272047.0
2271800.0
2271662.0
2271535.0
2271285.0
2271160.0
2271026.0
2270788.0
2270539.0
2270299.0
2270164.0
2270040.0
2269795.0
2269559.0
2269313.0
2269191.0
2269059.0
2268828.0
2268698.0
2268579.0
2268360.0
2268150.0
2267915.0
2267796.0
2267669.0
2267450.0
2267218.0
2267004.0
2266889.0
2266785.0
2266588.0
2266412.0
2266230.0
2266140.0
2266045.0
2265882.0
2265794.0
2265715.0
2265554.0
2265404.0
2265246.0
2265171.0
2265086.0
2264942.0
2264792.0
2264674.0
2264608.0
2264559.0
2264459.0
2264417.0
2264365.0
2264299.0
2264226.0
2264158.0
2264121.0
2264091.0
2264023.0
2263968.0
2263905.0
2263881.0
2263846.0
2263801.0
2263747.0
2263702.0
2263677.0
2263656.0
2263609.0
2263591.0
2263562.0
2263528.0
2263482.0
2263445.0
2263419.0
2263404.0
2263363.0
2263329.0
2263286.0
2263271.0
2263245.0
2263215.0
2263196.0
2263181.0
2263139.0
2263114.0
2263071.0
2263055.0
2263031.0
2262997.0
2262952.0
2262918.0
2262892.0
2262878.0
2262836.0
2262807.0
2262762.0
2262746.0
2262720.0
2262691.0
2262665.0
2262653.0
2262617.0
2262583.0
2262538.0
2262524.0
2262499.0
2262467.0
2262426.0
2262389.0
2262363.0
2262347.0
2262308.0
2262291.0
2262266.0
2262242.0
2262200.0
2262166.0
2262137.0
2262122.0
2262076.0
2262047.0
2262004.0
2261984.0
2261958.0
2261929.0
2261880.0
2261847.0
2261819.0
2261805.0
2261758.0
2261747.0
2261722.0
2261694.0
2261650.0
2261614.0
2261585.0
2261569.0
2261525.0
2261491.0
2261439.0
2261420.0
2261394.0
2261364.0
2261333.0
2261316.0
2261273.0
2261245.0
2261199.0
2261177.0
2261152.0
2261119.0
2261097.0
2261108.0
2261109.0
2261122.0
2261150.0
2261196.0
2261235.0
2261265.0
2261293.0
2261359.0
2261391.0
2261430.0
2261495.0
2261576.0
2261649.0
2261692.0
2261731.0
2261819.0
2261898.0
2261985.0
2262027.0
2262077.0
50117570.0
50138210.0
50178540.0
50256800.0
50398020.0
50531450.0
50659840.0
50783880.0
50904040.0
51021460.0
51136710.0
51250200.0
51310260.0
51369900.0
51480460.0
51589880.0
51698190.0
51755640.0
51812790.0
51918990.0
51975360.0
52031490.0
52135950.0
52239700.0
52342810.0
52397620.0
52452260.0
52554120.0
52655420.0
52756200.0
52809800.0
52863270.0
52963030.0
53016090.0
53068990.0
53161120.0
53252790.0
53350510.0
53402480.0
53454310.0
53551020.0
53647260.0
53743050.0
53794020.0
53844860.0
53939770.0
54034260.0
54128320.0
54178370.0
54228300.0
54321500.0
54371090.0
54420560.0
54512910.0
54604860.0
54696400.0
54745120.0
54793710.0
54884460.0
54974830.0
55064840.0
55112730.0
55160510.0
55249720.0
55297190.0
55344560.0
55430060.0
55515220.0
55602960.0
55649650.0
55696240.0
55783250.0
55869930.0
55956270.0
56002220.0
56048060.0
56133710.0
56219020.0
56304000.0
56349220.0
56394360.0
56478650.0
56523520.0
56568300.0
56651950.0
56735290.0
56818340.0
56862540.0
56906660.0
56989070.0
57071190.0
57153020.0
57196590.0
57240070.0
57321320.0
57364590.0
57407770.0
57483110.0
57558230.0
57638450.0
57681160.0
57723800.0
57803490.0
57882940.0
57962140.0
58004310.0
58046410.0
58125120.0
58203580.0
58281810.0
58323460.0
58365050.0
58442800.0
58484200.0
58525540.0
58602830.0
58679890.0
58756740.0
58797670.0
58838540.0
58914950.0
58991150.0
59067150.0
59107620.0
59148040.0
59223630.0
59263880.0
59304080.0
59374260.0
59444270.0
59519080.0
59558930.0
59598720.0
59673150.0
59747390.0
59821450.0
59860890.0
59900290.0
59973970.0
60047470.0
60120790.0
60159840.0
60198840.0
60271800.0
60310650.0
60349460.0
60422050.0
60494480.0
60566720.0
60605210.0
60643640.0
60715540.0
60787280.0
60858840.0
60896970.0
60935040.0
61006270.0
61044210.0
61082110.0
61148300.0
61214340.0
61284950.0
61322550.0
61360120.0
61430410.0
61500540.0
61570520.0
61607800.0
61645030.0
61714700.0
61784220.0
61853600.0
61890560.0
61927480.0
61996550.0
62033350.0
62070120.0
62138900.0
62207540.0
62276040.0
62312540.0
62349000.0
62417220.0
62485320.0
62553270.0
62589480.0
62625650.0
62693330.0
62729390.0
62765410.0
62830590.0
62895630.0
62962800.0
62998570.0
63034330.0
63101220.0
63168000.0
63234640.0
63270150.0
63305620.0
63372020.0
63438290.0
63504430.0
63539680.0
63574890.0
63640790.0
63675890.0
63710980.0
63776630.0
63842170.0
63907590.0
63942450.0
63977280.0
64042460.0
64107540.0
64172500.0
64207110.0
64241690.0
64306410.0
64340900.0
64375360.0
64435570.0
64495680.0
64559970.0
64594230.0
64628450.0
64692520.0
64756480.0
64820320.0
64854330.0
64888320.0
64951930.0
65015440.0
65078830.0
65112610.0
65146360.0
65209530.0
65243190.0
65276820.0
65339770.0
65402610.0
65465350.0
65498780.0
65532180.0
65594710.00000001
65657119.99999999
65719420.0
65752619.99999999
65785789.99999999
65847869.99999999
65880940.0
65913979.99999999
65971729.99999999
66029369.99999999
66091030.0
66123880.00000001
66156700.0
66218149.99999999
66279479.99999999
66340720.0
66373340.0
66405950.0
66466970.0
66527890.0
66588710.00000001
66621119.99999999
66653509.99999999
66714119.99999999
66746429.99999999
66778710.00000001
66839130.00000001
66899460.00000001
66959700.0
66991789.99999999
67023869.99999999
67083910.0
67143850.0
67203700.0
67235590.0
67267460.0
67327120.0
67358910.0
67390680.0
67446200.0
67501620.0
67560930.0
67592530.0
67624100.0
67683220.0
67742240.0
67801180.0
67832590.0
67863970.0
67922710.0
67981380.0
68039960.0
68071180.0
68102370.0
68160770.0
68191890.0
68222980.0
68281210.0
68339340.0
68397390.0
68428330.0
68459240.0
68517120.0
68574910.0
68632620.0
68663380.0
68694100.0
68751640.0
68782300.0
68812950.0
68868410.0
68923780.0
68980990.0
69011480.0
69041950.0
69098990.0
69155950.0
69212830.0
69243140.0
69273430.0
69330150.0
69386790.0
69443350.0
69473490.0
69503620.0
69560020.0
69590070.0
69620100.0
69676340.0
69732510.0
69788590.0
69818480.0
69848340.0
69904270.0
69960120.0
70015900.0
70045620.0
70075330.0
70130950.0
70160590.0
70190210.0
70241980.0
70293670.0
70349000.0
70378480.0
70407940.0
70463100.0
70518180.0
70573160.0
70602470.0
70631740.0
70686560.0
70741290.0
70795940.0
70825050.0
70854160.0
70908630.0
70937660.0
70966670.0
71020980.0
71075210.0
71129350.0
71158220.0
71187050.0
71241030.0
71294940.0
71348770.0
71377450.0
71406120.0
2584718.0
2584749.0
2584172.0
2580766.0
2570130.0
2557536.0
2545544.0
2534476.0
2525039.0
2516763.0
2509414.0
2502844.0
2499535.0
2496401.0
2491035.0
2486100.0
2481538.0
2479201.0
2476958.0
2473042.0
2471026.0
2469086.0
2465678.0
2462475.0
2459457.0
2457894.0
2456384.0
2453696.0
2451145.0
2448719.0
2447458.0
2446230.0
2444043.0
2442901.0
2441790.0
2439932.0
2438146.0
2436315.0
2435358.0
2434427.0
2432745.0
2431123.0
2429560.0
2428742.0
2427937.0
2426484.0
2425077.0
2423716.0
2423000.0
2422302.0
2421027.0
2420358.0
2419702.0
2418510.0
2417354.0
2416230.0
2415639.0
2415058.0
2414000.0
2412970.0
2411967.0
2411439.0
2410919.0
2409973.0
2409475.0
2408986.0
2408121.0
2407280.0
2406429.0
2405983.0
2405542.0
2404740.0
2403958.0
2403198.0
2402796.0
2402398.0
2401673.0
2400965.0
2400275.0
2399912.0
2399557.0
2398913.0
2398574.0
2398242.0
2397640.0
2397055.0
2396487.0
2396187.0
2395894.0
2395361.0
2394841.0
2394334.0
2394067.0
2393805.0
2393326.0
2393072.0
2392823.0
2392398.0
2391977.0
2391535.0
2391301.0
2391069.0
2390644.0
2390225.0
2389811.0
2389592.0
2389377.0
2388979.0
2388587.0
2388200.0
2387995.0
2387793.0
2387420.0
2387221.0
2387027.0
2386667.0
2386311.0
2385960.0
2385775.0
2385591.0
2385254.0
2384919.0
2384590.0
2384415.0
2384242.0
2383923.0
2383754.0
2383587.0
2383300.0
2383015.0
2382714.0
2382553.0
2382396.0
2382104.0
2381815.0
2381528.0
2381376.0
2381225.0
2380947.0
2380670.0
2380396.0
2380250.0
2380106.0
2379841.0
2379701.0
2379562.0
2379305.0
2379049.0
2378795.0
2378660.0
2378526.0
2378278.0
2378031.0
2377785.0
2377655.0
2377525.0
2377287.0
2377159.0
2377034.0
2376818.0
2376603.0
2376374.0
2376252.0
2376132.0
2375908.0
2375686.0
2375465.0
2375346.0
2375230.0
2375015.0
2374800.0
2374586.0
2374473.0
2374360.0
2374152.0
2374040.0
2373931.0
2373727.0
2373523.0
2373320.0
2373211.0
2373104.0
2372904.0
2372704.0
2372505.0
2372399.0
2372295.0
2372101.0
2371998.0
2371895.0
2371711.0
2371526.0
2371335.0
2371233.0
2371132.0
2370942.0
2370753.0
2370564.0
2370463.0
2370362.0
2370176.0
2369990.0
2369804.0
2369704.0
2369606.0
2369424.0
2369327.0
2369231.0
2369052.0
2368872.0
2368692.0
2368595.0
2368500.0
2368323.0
2368145.0
2367966.0
2367871.0
2367777.0
2367601.0
2367507.0
2367415.0
2367254.0
2367093.0
2366919.0
2366827.0
2366734.0
2366562.0
2366390.0
2366217.0
2366125.0
2366035.0
2365868.0
2365703.0
2365539.0
2365453.0
2365368.0
2365212.0
2365129.0
2365048.0
2364898.0
2364749.0
2364600.0
2364522.0
2364444.0
2364301.0
2364158.0
2364018.0
2363944.0
2363873.0
2363745.0
2363678.0
2363613.0
2363503.0
2363397.0
2363286.0
2363228.0
2363171.0
2363069.0
2362969.0
2362871.0
2362819.0
2362768.0
2362677.0
2362587.0
2362499.0
2362451.0
2362406.0
2362323.0
2362280.0
2362237.0
2362159.0
2362081.0
2362003.0
2361961.0
2361921.0
2361847.0
2361773.0
2361699.0
2361659.0
2361621.0
2361550.0
2361511.0
2361474.0
2361411.0
2361346.0
2361277.0
2361240.0
2361203.0
2361135.0
2361067.0
2360997.0
2360959.0
2360923.0
2360856.0
2360788.0
2360719.0
2360682.0
2360646.0
2360580.0
2360543.0
2360509.0
2360443.0
2360377.0
2360310.0
2360274.0
2360238.0
2360172.0
2360105.0
2360037.0
2360000.0
2359965.0
2359899.0
2359864.0
2359828.0
2359765.0
2359701.0
2359633.0
2359596.0
2359561.0
2359494.0
2359426.0
2359357.0
2359320.0
2359283.0
2359215.0
2359146.0
2359076.0
2359038.0
2359001.0
2358932.0
2358896.0
2358859.0
2358792.0
2358722.0
2358652.0
2358614.0
2358577.0
2358508.0
2358438.0
2358365.0
2358327.0
2358289.0
2358219.0
2358180.0
2358143.0
2358078.0
2358012.0
2357940.0
2357902.0
2357864.0
2357793.0
2357722.0
2357652.0
2357615.0
2357581.0
2357519.0
2357460.0
2357404.0
2357375.0
2357347.0
2357300.0
2357274.0
2357251.0
2357211.0
2357171.0
2357133.0
2357113.0
2357094.0
2357062.0
2357030.0
2356998.0
2356982.0
2356967.0
2552310.0
2577232.0
2586612.0
2584609.0
2576496.0
2568577.0
2560789.0
2553243.0
2546040.0
2539062.0
2532636.0
2526714.0
2523688.0
2520794.0
2515729.0
2511068.0
2506843.0
2504670.0
2502600.0
2498865.0
2496979.0
2495155.0
2491923.0
2488813.0
2485816.0
2484163.0
2482568.0
2479688.0
2476954.0
2474336.0
2472986.0
2471672.0
2469323.0
2468106.0
2466926.0
2464931.0
2463012.0
2460994.0
2459932.0
2458870.0
2456885.0
2454920.0
2453000.0
2451989.0
2450986.0
2449154.0
2447372.0
2445621.0
2444707.0
2443808.0
2442169.0
2441308.0
2440472.0
2438938.0
2437437.0
2435942.0
2435165.0
2434392.0
2432982.0
2431604.0
2430267.0
2429573.0
2428910.0
2427704.0
2427081.0
2426465.0
2425377.0
2424307.0
2423237.0
2422669.0
2422121.0
2421110.0
2420133.0
2419171.0
2418675.0
2418184.0
2417283.0
2416423.0
2415668.0
2415276.0
2414907.0
2414246.0
2413906.0
2413575.0
2412981.0
2412402.0
2411849.0
2411557.0
2411276.0
2410762.0
2410264.0
2409773.0
2409519.0
2409273.0
2408819.0
2408579.0
2408345.0
2407939.0
2407542.0
2407115.0
2406896.0
2406677.0
2406275.0
2405869.0
2405467.0
2405252.0
2405048.0
2404669.0
2404293.0
2403907.0
2403713.0
2403512.0
2403152.0
2402955.0
2402770.0
2402419.0
2402073.0
2401724.0
2401543.0
2401367.0
2401040.0
2400705.0
2400383.0
2400206.0
2400041.0
2399723.0
2399560.0
2399396.0
2399113.0
2398823.0
2398521.0
2398356.0
2398203.0
2397908.0
2397616.0
2397317.0
2397165.0
2397016.0
2396737.0
2396451.0
2396177.0
2396026.0
2395887.0
2395617.0
2395479.0
2395341.0
2395086.0
2394822.0
2394565.0
2394427.0
2394292.0
2394040.0
2393782.0
2393520.0
2393389.0
2393257.0
2393016.0
2392884.0
2392762.0
2392538.0
2392319.0
2392075.0
2391954.0
2391828.0
2391601.0
2391363.0
2391135.0
2391009.0
2390895.0
2390670.0
2390453.0
2390225.0
2390112.0
2389995.0
2389786.0
2389668.0
2389564.0
2389354.0
2389148.0
2388932.0
2388825.0
2388716.0
2388521.0
2388310.0
2388110.0
2387996.0
2387899.0
2387697.0
2387597.0
2387495.0
2387313.0
2387121.0
2386927.0
2386823.0
2386725.0
2386529.0
2386340.0
2386143.0
2386046.0
2385943.0
2385762.0
2385571.0
2385385.0
2385281.0
2385193.0
2385009.0
2384919.0
2384822.0
2384645.0
2384456.0
2384274.0
2384169.0
2384080.0
2383895.0
2383716.0
2383528.0
2383438.0
2383335.0
2383164.0
2383064.0
2382978.0
2382812.0
2382649.0
2382465.0
2382373.0
2382274.0
2382104.0
2381919.0
2381742.0
2381641.0
2381557.0
2381382.0
2381211.0
2381035.0
2380953.0
2380863.0
2380710.0
2380620.0
2380546.0
2380389.0
2380233.0
2380070.0
2379994.0
2379909.0
2379765.0
2379609.0
2379475.0
2379404.0
2379353.0
2379245.0
2379203.0
2379152.0
2379080.0
2379002.0
2378927.0
2378889.0
2378859.0
2378785.0
2378722.0
2378657.0
2378630.0
2378594.0
2378545.0
2378485.0
2378433.0
2378407.0
2378388.0
2378337.0
2378321.0
2378294.0
2378256.0
2378212.0
2378165.0
2378139.0
2378128.0
2378082.0
2378042.0
2377994.0
2377981.0
2377956.0
2377921.0
2377904.0
2377892.0
2377854.0
2377817.0
2377767.0
2377752.0
2377731.0
2377689.0
2377640.0
2377593.0
2377563.0
2377551.0
2377503.0
2377454.0
2377399.0
2377382.0
2377354.0
2377312.0
2377285.0
2377274.0
2377224.0
2377179.0
2377125.0
2377105.0
2377075.0
2377033.0
2376979.0
2376928.0
2376898.0
2376884.0
2376830.0
2376811.0
2376782.0
2376742.0
2376689.0
2376635.0
2376604.0
2376586.0
2376530.0
2376475.0
2376414.0
2376392.0
2376357.0
2376305.0
2376245.0
2376186.0
2376152.0
2376135.0
2376071.0
2376052.0
2376018.0
2375968.0
2375904.0
2375843.0
2375807.0
2375786.0
2375723.0
2375661.0
2375593.0
2375568.0
2375530.0
2375475.0
2375439.0
2375418.0
2375360.0
2375305.0
2375238.0
2375213.0
2375175.0
2375120.0
2375055.0
2374990.0
2374959.0
2374944.0
2374898.0
2374847.0
2374807.0
2374791.0
2374768.0
2374737.0
2374725.0
2374720.0
2374693.0
2374661.0
2374631.0
2374627.0
2374614.0
2374599.0
2374578.0
2374559.0
2374549.0
2374553.0
2538302.0
2542784.0
2544786.0
2538054.0
2516063.0
2494385.0
2475244.0
2458925.0
2445343.0
2434021.0
2424479.0
2416328.0
2412333.0
2408632.0
2402560.0
2397158.0
2392323.0
2389883.0
2387581.0
2383643.0
2381657.0
2379756.0
2376484.0
2373451.0
2370616.0
2369151.0
2367731.0
2365212.0
2362831.0
2360562.0
2359387.0
2358233.0
2356162.0
2355080.0
2354034.0
2352255.0
2350557.0
2348801.0
2347893.0
2346994.0
2345379.0
2343801.0
2342283.0
2341473.0
2340702.0
2339273.0
2337895.0
2336542.0
2335837.0
2335127.0
2333869.0
2333200.0
2332549.0
2331345.0
2330179.0
2329033.0
2328443.0
2327849.0
2326770.0
2325708.0
2324678.0
2324122.0
2323590.0
2322583.0
2322062.0
2321531.0
2320616.0
2319698.0
2318782.0
2318283.0
2317813.0
2316923.0
2316065.0
2315214.0
2314778.0
2314330.0
2313535.0
2312741.0
2311983.0
2311583.0
2311190.0
2310469.0
2310101.0
2309727.0
2309053.0
2308382.0
2307738.0
2307389.0
2307061.0
2306438.0
2305833.0
2305227.0
2304917.0
2304599.0
2304023.0
2303717.0
2303410.0
2302861.0
2302327.0
2301744.0
2301442.0
2301129.0
2300571.0
2300007.0
2299466.0
2299168.0
2298888.0
2298348.0
2297821.0
2297295.0
2297018.0
2296742.0
2296234.0
2295960.0
2295700.0
2295197.0
2294716.0
2294230.0
2293981.0
2293726.0
2293264.0
2292802.0
2292353.0
2292107.0
2291876.0
2291431.0
2291205.0
2290969.0
2290576.0
2290178.0
2289766.0
2289541.0
2289331.0
2288922.0
2288525.0
2288119.0
2287913.0
2287696.0
2287308.0
2286916.0
2286536.0
2286328.0
2286132.0
2285754.0
2285563.0
2285362.0
2284998.0
2284629.0
2284270.0
2284077.0
2283889.0
2283530.0
2283183.0
2282833.0
2282656.0
2282470.0
2282137.0
2281961.0
2281787.0
2281480.0
2281182.0
2280858.0
2280695.0
2280519.0
2280210.0
2279896.0
2279593.0
2279424.0
2279269.0
2278963.0
2278669.0
2278368.0
2278218.0
2278058.0
2277771.0
2277614.0
2277468.0
2277182.0
2276903.0
2276619.0
2276477.0
2276325.0
2276050.0
2275770.0
2275499.0
2275348.0
2275211.0
2274938.0
2274802.0
2274657.0
2274407.0
2274148.0
2273890.0
2273747.0
2273610.0
2273344.0
2273086.0
2272823.0
2272691.0
2272550.0
2272303.0
2272047.0
2271800.0
2271662.0
2271535.0
2271285.0
2271160.0
2271026.0
2270788.0
2270539.0
2270299.0
2270164.0
2270040.0
2269795.0
2269559.0
2269313.0
2269191.0
2269059.0
2268828.0
2268698.0
2268579.0
2268360.0
2268150.0
2267915.0
2267796.0
2267669.0
2267450.0
2267218.0
2267004.0
2266889.0
2266785.0
2266588.0
2266412.0
2266230.0
2266140.0
2266045.0
2265882.0
2265794.0
2265715.0
2265554.0
2265404.0
2265246.0
2265171.0
2265086.0
2264942.0
2264792.0
2264674.0
2264608.0
2264559.0
2264459.0
2264417.0
2264365.0
2264299.0
2264226.0
2264158.0
2264121.0
2264091.0
2264023.0
2263968.0
2263905.0
2263881.0
2263846.0
2263801.0
2263747.0
2263702.0
2263677.0
2263656.0
2263609.0
2263591.0
2263562.0
2263528.0
2263482.0
2263445.0
2263419.0
2263404.0
2263363.0
2263329.0
2263286.0
2263271.0
2263245.0
2263215.0
2263196.0
2263181.0
2263139.0
2263114.0
2263071.0
2263055.0
2263031.0
2262997.0
2262952.0
2262918.0
2262892.0
2262878.0
2262836.0
2262807.0
2262762.0
2262746.0
2262720.0
2262691.0
2262665.0
2262653.0
2262617.0
2262583.0
2262538.0
2262524.0
2262499.0
2262467.0
2262426.0
2262389.0
2262363.0
2262347.0
2262308.0
2262291.0
2262266.0
2262242.0
2262200.0
2262166.0
2262137.0
2262122.0
2262076.0
2262047.0
2262004.0
2261984.0
2261958.0
2261929.0
2261880.0
2261847.0
2261819.0
2261805.0
2261758.0
2261747.0
2261722.0
2261694.0
2261650.0
2261614.0
2261585.0
2261569.0
2261525.0
2261491.0
2261439.0
2261420.0
2261394.0
2261364.0
2261333.0
2261316.0
2261273.0
2261245.0
2261199.0
2261177.0
2261152.0
2261119.0
2261097.0
2261108.0
2261109.0
2261122.0
2261150.0
2261196.0
2261235.0
2261265.0
2261293.0
2261359.0
2261391.0
2261430.0
2261495.0
2261576.0
2261649.0
2261692.0
2261731.0
2261819.0
2261898.0
2261985.0
2262027.0
2262077.0
50117570.0
50138210.0
50178540.0
50256800.0
50398020.0
50531450.0
50659840.0
50783880.0
50904040.0
51021460.0
51136710.0
51250200.0
51310260.0
51369900.0
51480460.0
51589880.0
51698190.0
51755640.0
51812790.0
51918990.0
51975360.0
52031490.0
52135950.0
52239700.0
52342810.0
52397620.0
52452260.0
52554120.0
52655420.0
52756200.0
52809800.0
52863270.0
52963030.0
53016090.0
53068990.0
53161120.0
53252790.0
53350510.0
53402480.0
53454310.0
53551020.0
53647260.0
53743050.0
53794020.0
53844860.0
53939770.0
54034260.0
54128320.0
54178370.0
54228300.0
54321500.0
54371090.0
54420560.0
54512910.0
54604860.0
54696400.0
54745120.0
54793710.0
54884460.0
54974830.0
55064840.0
55112730.0
55160510.0
55249720.0
55297190.0
55344560.0
55430060.0
55515220.0
55602960.0
55649650.0
55696240.0
55783250.0
55869930.0
55956270.0
56002220.0
56048060.0
56133710.0
56219020.0
56304000.0
56349220.0
56394360.0
56478650.0
56523520.0
56568300.0
56651950.0
56735290.0
56818340.0
56862540.0
56906660.0
56989070.0
57071190.0
57153020.0
57196590.0
57240070.0
57321320.0
57364590.0
57407770.0
57483110.0
57558230.0
57638450.0
57681160.0
57723800.0
57803490.0
57882940.0
57962140.0
58004310.0
58046410.0
58125120.0
58203580.0
58281810.0
58323460.0
58365050.0
58442800.0
58484200.0
58525540.0
58602830.0
58679890.0
58756740.0
58797670.0
58838540.0
58914950.0
58991150.0
59067150.0
59107620.0
59148040.0
59223630.0
59263880.0
59304080.0
59374260.0
59444270.0
59519080.0
59558930.0
59598720.0
59673150.0
59747390.0
59821450.0
59860890.0
59900290.0
59973970.0
60047470.0
60120790.0
60159840.0
60198840.0
60271800.0
60310650.0
60349460.0
60422050.0
60494480.0
60566720.0
60605210.0
60643640.0
60715540.0
60787280.0
60858840.0
60896970.0
60935040.0
61006270.0
61044210.0
61082110.0
61148300.0
61214340.0
61284950.0
61322550.0
61360120.0
61430410.0
61500540.0
61570520.0
61607800.0
61645030.0
61714700.0
61784220.0
61853600.0
61890560.0
61927480.0
61996550.0
62033350.0
62070120.0
62138900.0
62207540.0
62276040.0
62312540.0
62349000.0
62417220.0
62485320.0
62553270.0
62589480.0
62625650.0
62693330.0
62729390.0
62765410.0
62830590.0
62895630.0
62962800.0
62998570.0
63034330.0
63101220.0
63168000.0
63234640.0
63270150.0
63305620.0
63372020.0
63438290.0
63504430.0
63539680.0
63574890.0
63640790.0
63675890.0
63710980.0
63776630.0
63842170.0
63907590.0
63942450.0
63977280.0
64042460.0
64107540.0
64172500.0
64207110.0
64241690.0
64306410.0
64340900.0
64375360.0
64435570.0
64495680.0
64559970.0
64594230.0
64628450.0
64692520.0
64756480.0
64820320.0
64854330.0
64888320.0
64951930.0
65015440.0
65078830.0
65112610.0
65146360.0
65209530.0
65243190.0
65276820.0
65339770.0
65402610.0
65465350.0
65498780.0
65532180.0
65594710.00000001
65657119.99999999
65719420.0
65752619.99999999
65785789.99999999
65847869.99999999
65880940.0
65913979.99999999
65971729.99999999
66029369.99999999
66091030.0
66123880.00000001
66156700.0
66218149.99999999
66279479.99999999
66340720.0
66373340.0
66405950.0
66466970.0
66527890.0
66588710.00000001
66621119.99999999
66653509.99999999
66714119.99999999
66746429.99999999
66778710.00000001
66839130.00000001
66899460.00000001
66959700.0
66991789.99999999
67023869.99999999
67083910.0
67143850.0
67203700.0
67235590.0
67267460.0
67327120.0
67358910.0
67390680.0
67446200.0
67501620.0
67560930.0
67592530.0
67624100.0
67683220.0
67742240.0
67801180.0
67832590.0
67863970.0
67922710.0
67981380.0
68039960.0
68071180.0
68102370.0
68160770.0
68191890.0
68222980.0
68281210.0
68339340.0
68397390.0
68428330.0
68459240.0
68517120.0
68574910.0
68632620.0
68663380.0
68694100.0
68751640.0
68782300.0
68812950.0
68868410.0
68923780.0
68980990.0
69011480.0
69041950.0
69098990.0
69155950.0
69212830.0
69243140.0
69273430.0
69330150.0
69386790.0
69443350.0
69473490.0
69503620.0
69560020.0
69590070.0
69620100.0
69676340.0
69732510.0
69788590.0
69818480.0
69848340.0
69904270.0
69960120.0
70015900.0
70045620.0
70075330.0
70130950.0
70160590.0
70190210.0
70241980.0
70293670.0
70349000.0
70378480.0
70407940.0
70463100.0
70518180.0
70573160.0
70602470.0
70631740.0
70686560.0
70741290.0
70795940.0
70825050.0
70854160.0
70908630.0
70937660.0
70966670.0
71020980.0
71075210.0
71129350.0
71158220.0
71187050.0
71241030.0
71294940.0
71348770.0
71377450.0
71406120.0
2584718.0
2584749.0
2584172.0
2580766.0
2570130.0
2557536.0
2545544.0
2534476.0
2525039.0
2516763.0
2509414.0
2502844.0
2499535.0
2496401.0
2491035.0
2486100.0
2481538.0
2479201.0
2476958.0
2473042.0
2471026.0
2469086.0
2465678.0
2462475.0
2459457.0
2457894.0
2456384.0
2453696.0
2451145.0
2448719.0
2447458.0
2446230.0
2444043.0
2442901.0
2441790.0
2439932.0
2438146.0
2436315.0
2435358.0
2434427.0
2432745.0
2431123.0
2429560.0
2428742.0
2427937.0
2426484.0
2425077.0
2423716.0
2423000.0
2422302.0
2421027.0
2420358.0
2419702.0
2418510.0
2417354.0
2416230.0
2415639.0
2415058.0
2414000.0
2412970.0
2411967.0
2411439.0
2410919.0
2409973.0
2409475.0
2408986.0
2408121.0
2407280.0
2406429.0
2405983.0
2405542.0
2404740.0
2403958.0
2403198.0
2402796.0
2402398.0
2401673.0
2400965.0
2400275.0
2399912.0
2399557.0
2398913.0
2398574.0
2398242.0
2397640.0
2397055.0
2396487.0
2396187.0
2395894.0
2395361.0
2394841.0
2394334.0
2394067.0
2393805.0
2393326.0
2393072.0
2392823.0
2392398.0
2391977.0
2391535.0
2391301.0
2391069.0
2390644.0
2390225.0
2389811.0
2389592.0
2389377.0
2388979.0
2388587.0
2388200.0
2387995.0
2387793.0
2387420.0
2387221.0
2387027.0
2386667.0
2386311.0
2385960.0
2385775.0
2385591.0
2385254.0
2384919.0
2384590.0
2384415.0
2384242.0
2383923.0
2383754.0
2383587.0
2383300.0
2383015.0
2382714.0
2382553.0
2382396.0
2382104.0
2381815.0
2381528.0
2381376.0
2381225.0
2380947.0
2380670.0
2380396.0
2380250.0
2380106.0
2379841.0
2379701.0
2379562.0
2379305.0
2379049.0
2378795.0
2378660.0
2378526.0
2378278.0
2378031.0
2377785.0
2377655.0
2377525.0
2377287.0
2377159.0
2377034.0
2376818.0
2376603.0
2376374.0
2376252.0
2376132.0
2375908.0
2375686.0
2375465.0
2375346.0
2375230.0
2375015.0
2374800.0
2374586.0
2374473.0
2374360.0
2374152.0
2374040.0
2373931.0
2373727.0
2373523.0
2373320.0
2373211.0
2373104.0
2372904.0
2372704.0
2372505.0
2372399.0
2372295.0
2372101.0
2371998.0
2371895.0
2371711.0
2371526.0
2371335.0
2371233.0
2371132.0
2370942.0
2370753.0
2370564.0
2370463.0
2370362.0
2370176.0
2369990.0
2369804.0
2369704.0
2369606.0
2369424.0
2369327.0
2369231.0
2369052.0
2368872.0
2368692.0
2368595.0
2368500.0
2368323.0
2368145.0
2367966.0
2367871.0
2367777.0
2367601.0
2367507.0
2367415.0
2367254.0
2367093.0
2366919.0
2366827.0
2366734.0
2366562.0
2366390.0
2366217.0
2366125.0
2366035.0
2365868.0
2365703.0
2365539.0
2365453.0
2365368.0
2365212.0
2365129.0
2365048.0
2364898.0
2364749.0
2364600.0
2364522.0
2364444.0
2364301.0
2364158.0
2364018.0
2363944.0
2363873.0
2363745.0
2363678.0
2363613.0
2363503.0
2363397.0
2363286.0
2363228.0
2363171.0
2363069.0
2362969.0
2362871.0
2362819.0
2362768.0
2362677.0
2362587.0
2362499.0
2362451.0
2362406.0
2362323.0
2362280.0
2362237.0
2362159.0
2362081.0
2362003.0
2361961.0
2361921.0
2361847.0
2361773.0
2361699.0
2361659.0
2361621.0
2361550.0
2361511.0
2361474.0
2361411.0
2361346.0
2361277.0
2361240.0
2361203.0
2361135.0
2361067.0
2360997.0
2360959.0
2360923.0
2360856.0
2360788.0
2360719.0
2360682.0
2360646.0
2360580.0
2360543.0
2360509.0
2360443.0
2360377.0
2360310.0
2360274.0
2360238.0
2360172.0
2360105.0
2360037.0
2360000.0
2359965.0
2359899.0
2359864.0
2359828.0
2359765.0
2359701.0
2359633.0
2359596.0
2359561.0
2359494.0
2359426.0
2359357.0
2359320.0
2359283.0
2359215.0
2359146.0
2359076.0
2359038.0
2359001.0
2358932.0
2358896.0
2358859.0
2358792.0
2358722.0
2358652.0
2358614.0
2358577.0
2358508.0
2358438.0
2358365.0
2358327.0
2358289.0
2358219.0
2358180.0
2358143.0
2358078.0
2358012.0
2357940.0
2357902.0
2357864.0
2357793.0
2357722.0
2357652.0
2357615.0
2357581.0
2357519.0
2357460.0
2357404.0
2357375.0
2357347.0
2357300.0
2357274.0
2357251.0
2357211.0
2357171.0
2357133.0
2357113.0
2357094.0
2357062.0
2357030.0
2356998.0
2356982.0
2356967.0
2552310.0
2577232.0
2586612.0
2584609.0
2576496.0
2568577.0
2560789.0
2553243.0
2546040.0
2539062.0
2532636.0
2526714.0
2523688.0
2520794.0
2515729.0
2511068.0
2506843.0
2504670.0
2502600.0
2498865.0
2496979.0
2495155.0
2491923.0
2488813.0
2485816.0
2484163.0
2482568.0
2479688.0
2476954.0
2474336.0
2472986.0
2471672.0
2469323.0
2468106.0
2466926.0
2464931.0
2463012.0
2460994.0
2459932.0
2458870.0
2456885.0
2454920.0
2453000.0
2451989.0
2450986.0
2449154.0
2447372.0
2445621.0
2444707.0
2443808.0
2442169.0
2441308.0
2440472.0
2438938.0
2437437.0
2435942.0
2435165.0
2434392.0
2432982.0
2431604.0
2430267.0
2429573.0
2428910.0
2427704.0
2427081.0
2426465.0
2425377.0
2424307.0
2423237.0
2422669.0
2422121.0
2421110.0
2420133.0
2419171.0
2418675.0
2418184.0
2417283.0
2416423.0
2415668.0
2415276.0
2414907.0
2414246.0
2413906.0
2413575.0
2412981.0
2412402.0
2411849.0
2411557.0
2411276.0
2410762.0
2410264.0
2409773.0
2409519.0
2409273.0
2408819.0
2408579.0
2408345.0
2407939.0
2407542.0
2407115.0
2406896.0
2406677.0
2406275.0
2405869.0
2405467.0
2405252.0
2405048.0
2404669.0
2404293.0
2403907.0
2403713.0
2403512.0
2403152.0
2402955.0
2402770.0
2402419.0
2402073.0
2401724.0
2401543.0
2401367.0
2401040.0
2400705.0
2400383.0
2400206.0
2400041.0
2399723.0
2399560.0
2399396.0
2399113.0
2398823.0
2398521.0
2398356.0
2398203.0
2397908.0
2397616.0
2397317.0
2397165.0
2397016.0
2396737.0
2396451.0
2396177.0
2396026.0
2395887.0
2395617.0
2395479.0
2395341.0
2395086.0
2394822.0
2394565.0
2394427.0
2394292.0
2394040.0
2393782.0
2393520.0
2393389.0
2393257.0
2393016.0
2392884.0
2392762.0
2392538.0
2392319.0
2392075.0
2391954.0
2391828.0
2391601.0
2391363.0
2391135.0
2391009.0
2390895.0
2390670.0
2390453.0
2390225.0
2390112.0
2389995.0
2389786.0
2389668.0
2389564.0
2389354.0
2389148.0
2388932.0
2388825.0
2388716.0
2388521.0
2388310.0
2388110.0
2387996.0
2387899.0
2387697.0
2387597.0
2387495.0
2387313.0
2387121.0
2386927.0
2386823.0
2386725.0
2386529.0
2386340.0
2386143.0
2386046.0
2385943.0
2385762.0
2385571.0
2385385.0
2385281.0
2385193.0
2385009.0
2384919.0
2384822.0
2384645.0
2384456.0
2384274.0
2384169.0
2384080.0
2383895.0
2383716.0
2383528.0
2383438.0
2383335.0
2383164.0
2383064.0
2382978.0
2382812.0
2382649.0
2382465.0
2382373.0
2382274.0
2382104.0
2381919.0
2381742.0
2381641.0
2381557.0
2381382.0
2381211.0
2381035.0
2380953.0
2380863.0
2380710.0
2380620.0
2380546.0
2380389.0
2380233.0
2380070.0
2379994.0
2379909.0
2379765.0
2379609.0
2379475.0
2379404.0
2379353.0
2379245.0
2379203.0
2379152.0
2379080.0
2379002.0
2378927.0
2378889.0
2378859.0
2378785.0
2378722.0
2378657.0
2378630.0
2378594.0
2378545.0
2378485.0
2378433.0
2378407.0
2378388.0
2378337.0
2378321.0
2378294.0
2378256.0
2378212.0
2378165.0
2378139.0
2378128.0
2378082.0
2378042.0
2377994.0
2377981.0
2377956.0
2377921.0
2377904.0
2377892.0
2377854.0
2377817.0
2377767.0
2377752.0
2377731.0
2377689.0
2377640.0
2377593.0
2377563.0
2377551.0
2377503.0
2377454.0
2377399.0
2377382.0
2377354.0
2377312.0
2377285.0
2377274.0
2377224.0
2377179.0
2377125.0
2377105.0
2377075.0
2377033.0
2376979.0
2376928.0
2376898.0
2376884.0
2376830.0
2376811.0
2376782.0
2376742.0
2376689.0
2376635.0
2376604.0
2376586.0
2376530.0
2376475.0
2376414.0
2376392.0
2376357.0
2376305.0
2376245.0
2376186.0
2376152.0
2376135.0
2376071.0
2376052.0
2376018.0
2375968.0
2375904.0
2375843.0
2375807.0
2375786.0
2375723.0
2375661.0
2375593.0
2375568.0
2375530.0
2375475.0
2375439.0
2375418.0
2375360.0
2375305.0
2375238.0
2375213.0
2375175.0
2375120.0
2375055.0
2374990.0
2374959.0
2374944.0
2374898.0
2374847.0
2374807.0
2374791.0
2374768.0
2374737.0
2374725.0
2374720.0
2374693.0
2374661.0
2374631.0
2374627.0
2374614.0
2374599.0
2374578.0
2374559.0
2374549.0
2374553.0
2538302.0
2542784.0
2544786.0
2538054.0
2516063.0
2494385.0
2475244.0
2458925.0
2445343.0
2434021.0
2424479.0
2416328.0
2412333.0
2408632.0
2402560.0
2397158.0
2392323.0
2389883.0
2387581.0
2383643.0
2381657.0
2379756.0
2376484.0
2373451.0
2370616.0
2369151.0
2367731.0
2365212.0
2362831.0
2360562.0
2359387.0
2358233.0
2356162.0
2355080.0
2354034.0
2352255.0
2350557.0
2348801.0
2347893.0
2346994.0
2345379.0
2343801.0
2342283.0
2341473.0
2340702.0
2339273.0
2337895.0
2336542.0
2335837.0
2335127.0
2333869.0
2333200.0
2332549.0
2331345.0
2330179.0
2329033.0
2328443.0
2327849.0
2326770.0
2325708.0
2324678.0
2324122.0
2323590.0
2322583.0
2322062.0
2321531.0
2320616.0
2319698.0
2318782.0
2318283.0
2317813.0
2316923.0
2316065.0
2315214.0
2314778.0
2314330.0
2313535.0
2312741.0
2311983.0
2311583.0
2311190.0
2310469.0
2310101.0
2309727.0
2309053.0
2308382.0
2307738.0
2307389.0
2307061.0
2306438.0
2305833.0
2305227.0
2304917.0
2304599.0
2304023.0
2303717.0
2303410.0
2302861.0
2302327.0
2301744.0
2301442.0
2301129.0
2300571.0
2300007.0
2299466.0
2299168.0
2298888.0
2298348.0
2297821.0
2297295.0
2297018.0
2296742.0
2296234.0
2295960.0
2295700.0
2295197.0
2294716.0
2294230.0
2293981.0
2293726.0
2293264.0
2292802.0
2292353.0
2292107.0
2291876.0
2291431.0
2291205.0
2290969.0
2290576.0
2290178.0
2289766.0
2289541.0
2289331.0
2288922.0
2288525.0
2288119.0
2287913.0
2287696.0
2287308.0
2286916.0
2286536.0
2286328.0
2286132.0
2285754.0
2285563.0
2285362.0
2284998.0
2284629.0
2284270.0
2284077.0
2283889.0
2283530.0
2283183.0
2282833.0
2282656.0
2282470.0
2282137.0
2281961.0
2281787.0
2281480.0
2281182.0
2280858.0
2280695.0
2280519.0
2280210.0
2279896.0
2279593.0
2279424.0
2279269.0
2278963.0
2278669.0
2278368.0
2278218.0
2278058.0
2277771.0
2277614.0
2277468.0
2277182.0
2276903.0
2276619.0
2276477.0
2276325.0
2276050.0
2275770.0
2275499.0
2275348.0
2275211.0
2274938.0
2274802.0
2274657.0
2274407.0
2274148.0
2273890.0
2273747.0
2273610.0
2273344.0
2273086.0
2272823.0
2272691.0
2272550.0
2272303.0
2272047.0
2271800.0
2271662.0
2271535.0
2271285.0
2271160.0
2271026.0
2270788.0
2270539.0
2270299.0
2270164.0
2270040.0
2269795.0
2269559.0
2269313.0
2269191.0
2269059.0
2268828.0
2268698.0
2268579.0
2268360.0
2268150.0
2267915.0
2267796.0
2267669.0
2267450.0
2267218.0
2267004.0
2266889.0
2266785.0
2266588.0
2266412.0
2266230.0
2266140.0
2266045.0
2265882.0
2265794.0
2265715.0
2265554.0
2265404.0
2265246.0
2265171.0
2265086.0
2264942.0
2264792.0
2264674.0
2264608.0
2264559.0
2264459.0
2264417.0
2264365.0
2264299.0
2264226.0
2264158.0
2264121.0
2264091.0
2264023.0
2263968.0
2263905.0
2263881.0
2263846.0
2263801.0
2263747.0
2263702.0
2263677.0
2263656.0
2263609.0
2263591.0
2263562.0
2263528.0
2263482.0
2263445.0
2263419.0
2263404.0
2263363.0
2263329.0
2263286.0
2263271.0
2263245.0
2263215.0
2263196.0
2263181.0
2263139.0
2263114.0
2263071.0
2263055.0
2263031.0
2262997.0
2262952.0
2262918.0
2262892.0
2262878.0
2262836.0
2262807.0
2262762.0
2262746.0
2262720.0
2262691.0
2262665.0
2262653.0
2262617.0
2262583.0
2262538.0
2262524.0
2262499.0
2262467.0
2262426.0
2262389.0
2262363.0
2262347.0
2262308.0
2262291.0
2262266.0
2262242.0
2262200.0
2262166.0
2262137.0
2262122.0
2262076.0
2262047.0
2262004.0
2261984.0
2261958.0
2261929.0
2261880.0
2261847.0
2261819.0
2261805.0
2261758.0
2261747.0
2261722.0
2261694.0
2261650.0
2261614.0
2261585.0
2261569.0
2261525.0
2261491.0
2261439.0
2261420.0
2261394.0
2261364.0
2261333.0
2261316.0
2261273.0
2261245.0
2261199.0
2261177.0
2261152.0
2261119.0
2261097.0
2261108.0
2261109.0
2261122.0
2261150.0
2261196.0
2261235.0
2261265.0
2261293.0
2261359.0
2261391.0
2261430.0
2261495.0
2261576.0
2261649.0
2261692.0
2261731.0
2261819.0
2261898.0
2261985.0
2262027.0
2262077.0
